1395807
1361281
1394311
1741880
1397468
1392407
1397535
1390793
1392323
1722440
1396869
1412857
1389929
1395870
1651363
1519650
1390899
1391331
1743474
1394540
1392558
1390846
1392608
1742052
1392611
1392565
1425722
1722441
1720959
1396253
1392535
1362271
1395990
1741661
1397475
1722522
1722625
1393824
1722521
1397070
1363302
1391881
1360591
1397463
1359344
1394911
1664563
1390764
1722433
1362331
1388766
1361437
1742053
1359297
1396843
1393659
1363200
1394597
1556096
1393200
1697384
1361382
1393679
1357962
1396857
1396974
1396717
1394641
1412585
1451777
1394663
1397046
1390874
1622901
1741624
1390910
1394908
1360269
1393770
1393660
1393927
1397500
1393657
1396733
1743968
1363945
1422217
1425895
1398772
1358613
1360260
1391851
1395974
1548459
1390639
1390690
1392566
1420558
1394643
1362396
1492664
1397546
1549015
1741903
1389650
1390927
1361703
1394999
1646703
1391677
1743403
1397398
1391313
1359356
1363593
1419076
1392241
1396094
1361275
1419109
1394630
1414270
1548458
1588658
1357630
1400181
1357227
1722578
1399609
1722619
1741564
1389603
1363191
1363413
1743984
1426004
1396441
1361308
1361412
1418612
1395862
1393687
1580587
1393314
1397565
1356576
1391120
1399800
1394270
1356286
1478563
1356404
1361129
1393619
1741587
1738652
1394523
1363472
1414366
1361067
1392732
1426005
1366028
1361306
1360501
1398222
1647677
1741706
1414356
1531145
1392612
1741805
1363056
1651162
1394375
1722501
1394443
1390872
1743923
1360116
1363492
1414367
1395942
1422218
1363722
1364007
1397593
1357236
1653859
1390883
1392725
1361530
1651485
1360993
1392549
1361389
1697365
1529402
1358517
1390761
1721018
1396867
1741584
